-0.0030453031882713274,-0.001688199667998051
0.0001697188576538764,-0.003914032019512658
-0.001458377779921159,0.002660292991527213
0.0014888859559693826,0.004857852467648688
-0.0004215106901697591,-0.0032371761823430487
-0.0017394518823586763,0.0019102803222371095
0.00027519552997449864,-0.0029774223505287553
-0.0047857714210614195,-0.00242516785053957
0.0012884002575577489,0.0028097724508254446
-0.0003358532178651637,-0.002914649893148396
0.006524763361656847,0.0023986817412223146
-0.004701637751960241,-0.0006860621788491477
0.0075055062318936765,0.0017925439941170736
-0.004043896754468229,-0.002764123879681498
-0.0028054594193164346,-0.004670470787140951
0.005865614738305654,-0.004354659783424058
-0.003627460132878777,-0.0003607941462858498
-0.003260771835565769,0.004723441019050556
-0.0002006016104496634,-0.002856416104356327
-0.002485588552985061,-0.0033143548457679455
-0.0033841259100072327,0.0053629161250123465
-0.0017099864721627544,0.002101282663395712
-0.0020789199427445116,0.005383001413276379
-0.002795554073449112,-0.0053799764527101895
0.009315821627502397,-0.00399820731645796
-0.002789291848505263,-0.0050335271177654
0.002619452369959107,0.0029984164920127863
0.0018282354367673915,-0.0029800707695553813
-0.0030178613005146585,-0.0038535710086390436
0.001122039685202798,-0.0020755401991839548
0.0011359559951706446,-0.0028715207566548102
0.0028156713064402157,0.0029859319783644917
-0.0009534668688245836,0.0043967386428646
-0.0027399564728536113,-0.004504773499059957
-0.0014167397312521012,0.00228997706893819
-0.003125004608733725,-0.003726378974120008
0.0023997209904408966,0.0030115785186805672
-0.002548942847696853,-0.00170217606367439
-0.002507698395838591,-0.004711137104995043
0.0011425850338756666,0.003787108454429121
0.007272567230746153,0.003391349201627515
-0.002869727310561478,-0.004588553247346832
0.000574344530650455,-0.003785769973131324
-0.0038701014856224437,-0.0030720917972335685
-0.0022835941869566116,-0.003303827826126312
-0.0019222577973347595,-0.0024362233270992135
-0.0034476213220525588,-0.003051761964024843
0.006745066893681027,-0.004784190312486469
0.0015881448654352984,-0.003183070343667523
-0.002267666206046787,-0.003098067577609495
-0.0016848501508107976,0.002509579110747805
0.006235211627957639,-0.002987424090775367
0.00832790770869654,0.0013618949932382158
0.00037568719147633786,-0.0036238949634371117
0.0021727950017726193,0.00261310953784858
0.0028389691327406416,0.00291745442312975
0.0002718748913640308,0.0030669580226769188
0.006004735588467322,-0.004808366773596532
-0.0010789688978693518,-0.00378788527565513
-0.00291507537636892,-0.004402379048158293
0.0006058554881668685,-0.003507067440824013
0.0012666984154832573,0.003424654316486943
-0.0004992234029372847,-0.0037353659656726938
0.009650910652109797,0.0024068536359533738
0.0037777067404045814,0.0016014923421176193
-0.002545895850990834,-0.002773279223855703
0.0019929906490770343,-0.002270654887492196
-0.0016970740732891695,0.002579413627591261
-0.0007203772854416059,-0.004871830814557743
0.007345694568361519,0.0019534207359275103
-0.0031924712979509626,-8.663214492632751e-05
0.000642086891404216,0.0031360928404161404
0.0056505130690060155,0.003107539388239654
0.0004907498772901484,-0.0035488745528617634
0.009650910652109854,0.0024068536359534718
-0.0037723227144079957,0.005274125810150752
-0.0035599956302782105,-0.00104079295074957
-0.0021440244491271803,0.004863697487652801
-0.00140072927745337,0.0029032639784106313
-0.0028321663733594277,-0.003332885184195081
0.00652476336165683,0.002398681741222285
-0.00211752154495109,-0.005990328906983671
0.0037665325881491712,0.0013291967962750103
0.006774615880681724,-0.003757111983934901
0.007183546881679168,0.003304848588194157
-0.0006396848557061917,0.005096828480758501
-0.002237928521603642,0.004706129124426585
0.006295577389951228,-0.004345937429207866
-0.0008421639945468476,0.005322248956468007
-0.00022087430470238412,-0.00215142331568506
0.0009014735626172124,0.002846509631928237
0.0028306632357339204,-0.0022697946837126914
0.005848314552686107,-0.002999651184504832
0.00040177085538234316,-0.0036904991505066808
0.0019332107334957438,0.002844053277196074
0.00585735475359333,-0.004960952790642032
0.009411203876599437,0.002682909820018471
-0.0014213649535226704,0.0022488202732687725
0.004636514519198407,-0.0033041915802969166
0.005572497409888668,-0.004618252412942195
-0.0023640923886150108,0.005040741039379918
0.0033462717189422096,0.0016370496851477261
-0.002817431892413483,-0.0031491139334062232
0.007286961501482932,0.00381084417476991
-0.001134398065464219,0.0024642507103070023
0.004828254141107937,-0.001205495422077813
0.004134375962369067,0.003765187982345612
-0.0014686635418827518,0.002274177340270699
-0.0019541563302181114,-0.0023568493827940806
-0.0023300834255135772,-0.0050131545794482495
0.001824144276982679,-0.003789262249928067
0.002621353095479027,-0.004224962228938634
0.005817702063114094,-0.004414220537199258
-0.004042897196796642,0.005458620287692973
-0.0020167042948680946,0.005583106184294416
-0.002335807571333764,-0.002265597033803783
-0.0017028395921232942,0.0025944580574455926
-0.0003683196655841197,-0.002332732564631955
0.0010087311134864597,-0.0029860190077445996
-0.0011276305393627974,-0.001619922271322436
-0.003750112754278615,0.005775634059238523
-0.0032691123996739222,-0.004003016262607849
0.005759868194270551,-0.0028917579175352765
0.004021843296237407,0.004114432077764077
-0.002663954887444327,0.002700550564554744
0.006495444184453691,-0.003801264285907873
0.009616302261387877,0.0025601535106577066
-0.001459711903653417,0.0023067287742053527
-0.002524405267475652,-0.004327360240759908
0.006491615237562744,0.0028102317540561177
-0.0004998425457495043,0.0026761591748627523
0.007052643770565662,-0.0023531837690612387
0.0016057375435334768,-0.0036619883949588357
-0.0008604761346807435,0.0051304863469567915
0.008231868589322155,-0.0037253874604508378
-0.0028104164349481227,-0.003555611330281078
-0.0028408573839387823,-0.004210229141277687
-0.003981548503270054,-0.0032381972834083623
0.00993139936498295,0.002522928298229471
0.0028321462616863672,-0.003159204827514772
0.001459545611038438,0.0034048893031837645
0.0019038954726394248,-0.0027602806829603137
-0.0034333306195885515,-0.0013281004155112693
0.005713652388201841,0.002169896450864572
-0.003157051645803394,-0.0012761209666902976
-0.0029995548951831886,-0.0026876792914874176
-0.0017469315908931317,-0.001735182516344142
0.003889841518382509,0.003380484472077314
0.0020433653460237575,-0.00371978962417822
0.002205262939854571,-0.004388072023586297
-0.00038671488784668,-0.002209294212740292
0.0017213450986396685,0.002855412086454062
-0.004634430514407201,-0.002451642066495587
0.00264503036995188,0.002758113046299355
-0.0031157603220295215,-0.004340065263144927
0.003499352138214884,-0.0013251871175481954
-0.0012371660073763214,0.002227590078007861
0.0077712179733711835,0.0021902537693667527
-0.0025607086625518702,-0.004197322268786056
0.007058754493220207,0.0023970854772998014
-0.0015237469375072048,0.001983301894202128
0.0002544097769847312,-0.003885498554289309
0.004994784851315573,-0.005661979889526232
-0.0035301990708418427,0.005403709449280996
-0.0001314884449871414,-0.0040639966728793706
-0.001147982401398578,-0.00438980113616335
-0.0024137206331793994,0.005433621288642973
-0.0027331083891088486,0.004828922092182919
0.009650910652109919,0.0024068536359534904
0.0011511983741854955,-0.0035955573507571743
0.0002507221933818172,0.003919260841966508
0.0009340883943691812,-0.0024194187180265675
0.002168787604351114,-0.005136969197812647
-0.004545261468899488,-0.0005301802934557127
0.00143480046033638,0.0030422956809447806
-0.002271999542702911,-0.004157504363354666
0.001668338085774982,0.0029956378137603492
-0.002977764079186873,-0.004035051066964247
-0.0022898483714692782,0.00534168464049848
0.0003839146863379375,-0.002221765366907105
0.004592724572950493,0.005082918415805218
0.005710072711581295,-0.004218237678034281
-0.00560999224506396,-0.0011513301647007998
-0.0025680223181515295,0.0051204042169675805
-0.0017394518823586568,0.001910280322237081
0.0034405431426501156,-0.0038035073660120096
-0.002623951688154897,0.0054777775834405264
0.0026285279523519155,0.003768572680181792
-0.0014453227923368246,0.0023309022281258938
-0.004485396059157849,-0.0024378875861782133
-0.0002825360017694681,-0.004974673960690002
-0.004888581431879752,-0.0017126681285123066
-0.003076090597209568,0.005071549308299196
0.006183560842713601,-0.004388022945203033
0.006471540718342949,0.004435367264766704
0.007160969641461383,0.003567018628964656
-0.0013632158825512334,0.0023029582363057613
-0.002318126869824555,-0.004729357284686523
0.00408310669279805,0.003305392563366154
0.003434586082614435,-0.002942971623437689
-0.003116942609550777,-0.004250493914831961
0.0011582934662301401,-0.004194692849121669
-0.00266795147622907,-0.003965520899457425
-0.0015054810580872409,0.002137814232607666
0.0012758499159842686,-0.004414061092477337
0.0026257802908098,-0.003661218178850486
0.009650910652109585,0.002406853635953257
0.002815853772679641,0.0028579642249656947
0.007505506231893778,0.001792543994116857
-0.003883517421408664,-0.0005712196947999719
0.0014045933218949833,0.00334091626645221
0.004881101515964545,0.0035684508021072495
0.009931399364982921,0.0025229282982294557
0.009650910652109823,0.002406853635953416
-0.0028017360540902483,-0.004839237789777034
0.009650910652109655,0.0024068536359532792
-0.001705289221668094,0.0022329813033093743
0.007016574080838411,-0.004007805678355699
0.009650910652109577,0.002406853635953239
-0.0014406636027136813,0.0020795571491250557
0.003526942619045045,-0.0036563167494747715
-0.002763890603241886,0.00504884568961749
0.002318738101225679,0.002648199363043163
0.006551779059438936,-0.0035023302222681576
-0.0001857511431776387,0.006307211543397341
0.006792974703208335,-0.00537560220133959
-0.0023269286124074457,-0.005334128620225198
-0.0020832867821488333,-0.002212961528108585
-0.0022360713666382754,-0.0023706561599735397
-0.002717245266504233,-0.0036580601407855866
-0.003690095985019956,0.005188648319762049
0.002124816425859214,-0.003086101486696689
-0.0026637927155007085,0.004289699516291727
-0.002216352670053114,-0.0013153908794237936
-0.0038855413271280986,0.005740888509705043
-0.0027093040471171475,-0.0052103939282040785
0.002773298057100704,0.002833610209551333
0.005495660067920263,-0.0033251599118508347
0.008232527763525465,0.0017327457723313013
0.009491875588518633,0.002735201638217569
0.010070389231706878,-0.0023361063541884235
-0.004140675945489897,-0.0008222607337378915
-0.002630115665094953,-0.002246436124449786
-0.000526216421191256,-0.0032725661136191776
-0.0029646108719550315,0.005063577041094777
-0.0033676832365993996,-0.002080778585683696
-0.005289611800550533,-0.0019595074035354257
0.0010491455936941828,0.0035849991554823516
-0.0028184648218581407,-0.004344237057628415
-0.0021860442467591928,-0.003933557729266748
0.002133826842782432,0.004538888726202262
-0.0002714066921889626,-0.0037947559869680354
0.002547015875722331,0.0030219568539652402
0.0070570587660874025,0.0028486569050780023
0.002916782844965726,-0.004602816229937938
-0.001730355701200414,0.002425099741754906
-0.004021355211638574,-0.0007878733106425816
-0.004350126982604452,-0.00087984786612148
0.0076140859134548045,0.002031813532074638
0.0025470158757222943,0.0030219568539651387
-0.001505481058087112,0.002137814232607677
0.008672012861214374,-0.004200323653503233
-0.003934587989833296,0.005370147884799549
-0.0014213649535227706,0.0022488202732689985
-0.005451645389189641,-0.0025737688029344864
-0.0025594942167332293,-0.0048775122976537615
0.001049436889664646,0.003344463479302665
-0.001455527348893592,-0.0031330646111326498
0.0013140080879231596,-0.004608209079415892
0.002102727309265366,0.0032414573458292096
0.008376761991698838,-0.0032209569760194645
0.003568255327035491,-0.004538507518407856
-0.003066678275607893,0.005357730484429151
-0.0016306694075647788,0.0020920755481967797
-0.00015036032371420937,-0.0028671227575625137
-0.0011639273484223506,0.004318121615925146
-0.0014165704061437658,0.002577218497829799
0.00032436053955519815,-0.0027306794632559663
-0.002685382595099116,-0.0030237973832388312
0.0011961772798218567,-0.0050742847418763695
-0.0020993305783799984,0.005148956936444518
0.007149976631116416,-0.0018094204117632287
0.006340679892972114,-0.003145599313596631
0.0018885592235763577,0.001612439481577975
-0.0016284212293848415,-0.0015855733648997522
0.009931399364982803,0.0025229282982295693
0.004223767063404515,-0.0034631791743732158
-0.0026488695006203823,-0.005000082821149803
0.005904861668608265,-0.0014168001123936857
-0.0010935361895140576,0.0038531639411814138
-0.0016213564372955058,-0.0041105653025027755
0.003770875561314856,-0.0023874414307248
0.005572497409888691,-0.004618252412942209
-0.0016781555140216035,-0.002868961880432333
-0.0024917236416078835,0.00420210067087573
0.0014735632851928867,-0.0031647464756109633
0.004647185864126001,0.004997831174925635
0.0014626518005462965,-0.0036489643200661695
0.0007477002151409652,-0.0024432817315332925
-0.002652543453217402,-0.0027852291350244783
0.002222856483451958,0.0030778590208347337
-0.0016056414632221187,-0.0033311080886376087
0.00944078183582458,0.0025972918175859367
-0.002772949543545463,0.004563987324840261
0.003579842481992094,-0.004637180690932168
0.007563086118247295,-0.0036024734995769372
-0.0032608688131495907,-0.002182725048470057
-0.0020841382063296497,-0.0032010769767732246
-0.0038353059712856203,0.005629041193949175
-0.002001516340716229,-0.0018597918719772805
-0.002814627075961535,-0.00362955937258371
-0.001630669407564721,0.0020920755481968274
-0.00294227940232609,-0.004602189186986823
-0.003131452277276357,-0.0012022405346395896
-0.0033615832341417685,-0.004659665454257341
-0.0033516559281150343,-0.0019469902794490355
-0.0030425423121608224,-0.0034188113228456906
0.00908965182832008,-0.0028780426399796226
-0.0007138916504265647,0.004414454936330475
-0.00170283959212281,0.0025944580574457313
0.001601494434474114,-0.0036475072133851003
0.005718581574533315,-0.004545270762767425
0.007273794034438861,0.00199679119692698
-0.0013632158825513665,0.0023029582363058455
-0.001762530581914399,-0.003834508957741413
-0.0022502341920435267,0.0049323167246000665
-0.00290313624616841,-0.003254783711185612
0.0092151596704949,-0.003889926040357857
-0.005405654364302005,-0.0012327186459625901
0.0006423916300670147,0.003924626330429765
0.0036973520286379693,0.0017452135390916108
-0.00040358060344828007,-0.0020509842102899864
0.00409599968399324,-0.002616931032179589
0.006395817548057595,-0.00432496569649439
0.002320280193041021,0.0031612319065764684
-0.0024582862196855376,-0.005340666792321911
0.0025648726472632414,0.0031821030001402246
0.0008173556581322031,0.005103446537414124
0.0036428646657711574,0.003428993307166864
0.005684718052217377,-0.0044286438501314924
-0.0037650826766945393,0.00485280233969877
-0.001997973290302713,-0.004273116667323
-0.003433601399731861,0.005625730591803041
0.0014406695792686993,-0.003800283214497962
-0.0025219844925144933,-0.004317945527342491
0.0022741146183554305,0.0007832580507576292
0.00962187936908252,0.002431973189570027
0.008327907708696554,0.0013618949932382091
0.0007980536636547995,-0.004720706183521383
0.0043886024779398345,0.005360660565240694
-0.004982854627622484,-0.0002818567614628113
-0.0016306694075647963,0.0020920755481968027
0.009650910652109455,0.0024068536359531816
0.0016257856967700512,0.003215167291644096
0.00178096765856377,0.004360165274268739
0.005255729657865335,-0.005911973245214409
0.0014208907972699054,-0.0026599664239421203
-0.0032508372198446793,0.005668509348834385
0.004786383608450076,0.0029277840704870443
-0.0017335398554969089,0.002642098526934424
0.0011050989196021142,-0.004179341989008621
0.0031580144369904514,-0.005844339984353064
-0.0018415600220797797,0.004906752622891819
0.0014502576278930558,-0.003154813266861154
0.0017627925365280505,0.002821430924307246
0.0032727317440715735,0.0033849925975101554
-0.0014583777799212017,0.0026602929915273362
0.005100198098304824,0.003968852812999277
-0.0020753414379731435,-0.004989140632130193
-0.005159157721242301,-0.001682216526407809
0.009596230197358037,0.0025453884528386338
-0.0008646477384318792,-0.0041503324135438975
-0.0023627828468285,-0.0017343058252394191
0.009012335045889231,0.003016837572932592
-0.00431369305090034,-0.000600421829103246
-0.0007066384188633035,-0.003301186249594972
-0.002042568930334667,-0.004276476695519856
0.004399215188410568,0.003576126395083328
-0.001709986472162524,0.0021012826633957904
0.007310821955209329,0.001933616157522123
0.0025470158757222336,0.003021956853965081
0.0017212961945935283,0.0035016317996440596
-0.0032977827976204085,0.005132530441902214
-0.002755818776088545,-0.0009753683036061441
-0.0013187054130068534,0.004787711757798449
-0.002849752238188993,-0.004678613288811969
-0.0011291210458604975,-0.00408094237924229
0.004893698901000176,-0.004339865998677686
-0.004485502204497531,4.573008603246222e-05
-0.002853835984465956,0.004843405810279619
0.008825670715615854,0.003658016755155819
0.00556118896905079,-0.0037558546524229203
-2.634188821176177e-05,0.0036925269761147457
-0.0011267027703194528,0.002385434129305759
-0.005384584523177777,-0.003153920238186178
0.009370531234282923,0.0027910486852894406
-0.0028765406470281554,-0.0030405297789704248
-0.002485414104178542,0.004703392984115186
0.00021002193219818126,-0.003083912144190836
0.0014692198302841686,-0.004522708453154638
0.0013731754048628665,-0.0034337573297832246
0.006241420890869645,-0.0023447667317609716
-0.003535610714811195,0.004721746579166612
0.002874936220249324,0.002760789658290861
-0.001375171090761557,-0.002814209957525474
0.0025470158757221247,0.0030219568539651296
-0.0015004810032616662,0.002204871324778779
-0.0012981561784388188,0.004471522909479691
-0.0031302134355451817,-0.0028183746752889253
-0.0013324099519280404,0.0022983408449399395
-0.004086290231935305,-0.0007126508739518391
-0.002952723453688404,0.004954450783946989
-0.0029997567374742975,-0.004780950672470088
-0.004203727697566858,-0.0013932098972060626
-0.004824378686014883,-0.0009638011174202433
-0.002751591822012911,-0.003528811949391378
-0.00268154947557366,0.004274767170657044
0.00030039606604179137,-0.0025681035059855594
-0.003460756936946797,0.005397855111859882
-0.00042080843286714436,-0.0025192217551460254
-0.0032667030151144034,0.005274122256078659
-0.005304372695774131,-0.0024855927983092655
0.007342731413917167,0.0019216597362042118
-0.0014686635418828418,0.0022741773402706698
-0.0037594200797194848,-0.0017567038290799443
0.005673093134818413,0.004310454247073274
-0.0030950074207722416,-0.0046403168912772744
-0.0041725489501348145,0.005679634199195626
-0.003983069815615053,-0.0003037376829549615
0.006351957359791952,-0.004622577894068377
-0.003918395196368962,-1.105341181565407e-06
0.002927677161865032,-0.0040027436678374325
0.0015985514516740453,-0.003615372236912087
-0.0029918242925101725,-0.0024094835999799355
0.00046652306759601434,-0.0015792788530868875
-0.0018970771542686493,0.0021820130843789648
-0.0016926443510168819,0.0022686240584502216
-0.003003629983278354,-0.0038195538568949776
-0.002935960783470276,-0.003949245531636609
0.0002241201157818702,-0.0029662811253353617
0.0018800342025145078,-0.003973928197959071
0.008408626958435255,0.0014056446029057981
-0.0027770089382860574,-0.005463301632065566
0.008986520926433782,-0.0035984697982645282
-0.0014178283340565091,0.002308774142797242
-1.0308294665483833e-05,0.0021848687172191525
0.005914118269791048,-0.0028587271210544054
0.0025246211594095944,0.0029482982834965763
0.007183546881679389,0.003304848588194282
0.008806088580822326,0.0027155799139859343
0.002666399594164888,0.003063145108402344
0.0038947237963986693,0.0036477343210753466
-0.0025590076134341007,-0.0041222895878180845
0.00963804183279564,-0.002351446896587845
0.0018688149461257059,0.005133880309722821
0.003113289468461503,-0.0038937442879754306
0.00408310669279809,0.0033053925633661466
-0.0016954053620901054,0.002324491739763223
-0.0024631004437122243,-0.0035930284222148168
0.000942910370596913,-0.002635799605798631
0.0030439310073561454,0.0016431913822527384
-0.002739850661653648,-0.004971484488200292
-0.004108380542066298,0.0054297353744505485
-0.0016294656179656817,0.005506089063686731
-0.002528498542562089,-0.005175174414549618
-0.0015010112720940613,0.0027085619887297963
-0.004991140531596293,-0.0010378797351905302
-0.0023381883660065143,0.005188629663365605
-0.000604354063570832,-0.0040706176701934315
0.001440834563960205,0.002862005541355673
0.004737197653137886,-0.0010130862488675263
-0.0029943294002266253,-0.004383147595572289
-0.001513429976619152,0.002577540334011207
-0.0024118081948424,-0.0007161143386872727
-0.0019177273023189903,-0.0040440993599003185
-0.0012185237314838505,-0.0011114595419113612
-0.002765916165310956,-0.004177531870750658
-0.0037313420293532277,0.005401578341870576
-0.004419448893404026,-0.0013194024191404863
-0.0036862050713444396,0.005072992833931806
9.377567451173512e-05,-0.004442250639066665
-0.0024986523404012784,-0.004893705689184179
-0.0020466663694149634,-0.004120210970806415
-0.003407481134762878,0.00522869222264011
0.000309198715460706,-0.003059543309208228
-0.002856950184311375,0.005156179797938702
-0.002442754824713622,-0.0034776783851384898
-0.005917209468725106,-0.0002264564554101006
-0.0036161198354505934,-0.0009648922840248883
-0.0032057857099871538,-0.002963473323270693
0.00437966551677387,0.003149279903998659
-0.0034336403612580707,-0.0021370936244159765
0.0005146434843289986,0.003473740651824839
0.005591744534083933,-0.004455254574395618
-0.004042897196796978,0.005458620287693056
-0.0017394518823586175,0.0019102803222370715
0.0011992230692849325,-0.004072425908119503
-0.0029386196590582697,-0.004824623394825395
-0.0015004810032616688,0.0022048713247787483
0.008041698280461947,-0.003386400212970715
0.00300874123024688,0.004925381167075782
0.007170123634714456,0.003535408044653881
-0.00245906112843937,-0.0019112666080729692
-0.003363143262181777,-0.0034773820919886535
-0.0052296555472149545,-2.118585096494403e-05
0.0007538168228225514,0.0021997549705285156
-0.0028599034943867867,-0.004564623681058925
0.0016723718745988627,-0.0030575448046191098
0.003127884662154376,-0.004527511375543377
-0.002918221979200274,-0.004353723878744958
0.0027012772758924523,0.0032666287212591645
-0.0019502923863483573,0.001924328903275722
0.007309837789223261,0.0035520078856339696
-0.0008154737514463622,-0.004466879400492417
-0.0039859650631241415,-0.0021588583105789177
0.0025603531376952172,0.002992806486831782
-8.7179800978836e-05,-0.0022220286097768115
0.0018281760041104094,0.0031501040777561396
-0.005976786525714825,-9.86927008558681e-05
0.005870309553025497,-0.004295822498104502
-0.00044102961006663394,0.0037196436191619165
0.00502133904727395,-0.004084851034919311
0.0004787816473017935,0.0035361953515253485
-0.0016344508592584718,0.0022830824650532954
-0.0028243157859744765,0.004996778086709089
0.0010172128313351632,-0.004277327307422369
0.009727765227489794,-0.00187305334895969
-0.004235756846009015,-5.703037107408978e-05
0.007187227186056369,0.003138579307278881
-0.00393389122337873,-0.00290438450052768
-0.0027158483250010806,-0.004063488766586835
-0.0013324099519279983,0.002298340844939967
-0.0018832425234317205,-0.0017368492526211258
-0.0026850806809698606,0.004934318259173043
-0.00243243725746638,-0.0027627940639914405
0.0012441122896009406,-0.002288719021489045
0.0005485552750228842,0.0029952115175062013
0.0007240392724081608,0.004445548096717073
0.00010097508728654022,-0.002999612207838803
-0.003829174551889114,-0.0018383778211841105
0.004005280577149514,0.0030291465730411284
-0.0025303025751857865,-0.002201422213465534
0.0023979215354948476,0.004654547611023983
0.003433291243933664,-0.004506723397759298
-0.0034504959450442404,-0.0019028271208837634
-0.0015995281020036018,-0.003711559075642355
0.004831569672028069,-0.0038306870177164986
-0.002271178452637646,0.005262526846973469
-0.002150529692653464,-0.00426882318033576
-0.00299127565857351,0.0050051889487692375
-0.0016306694075647837,0.0020920755481967927
0.001232518436291892,-0.003247612741098971
-0.0026808024396551035,0.004524994160675098
-0.0017445816459517858,0.0022603514471694775
-0.00394295517182974,-0.0024101437148209702
-0.0032209391269237483,-0.0022931074559167874
0.0020769294996139114,-0.004313897386717535
-0.0012719788363891077,0.004247212979621419
-0.001624349191203939,0.0049910136390597035
7.138322585963764e-05,0.004074671736543564
-0.00176342936993834,0.0020189815850503935
0.0066963050464540486,-0.004759739440001274
-0.0029515498881734453,-0.0012925121519639252
0.005754397562705453,0.004669357562469168
-0.002385625032574055,0.0053680420019230355
0.0010285929008525883,0.0031242333752739024
0.005581935520578343,-0.005144397583019206
-0.002629038572298677,-0.0028136179021645362
-0.0038157411221468236,-0.0017883940047140805
-0.0002514659911501161,0.0057103223906293955
-0.004116318319557393,-0.001148072192327823
0.006109232611306513,-0.003347783417681663
0.0007007641020697259,-0.003319686830602322
0.004495863714807079,-0.003566214756484948
-0.0010479599502258628,0.00413215659659997
0.0016547826142397702,0.0034530269127078855
0.0023997209904408714,0.003011578518680562
0.0018802744578348392,-0.0036307489418229
0.00013303175695607332,0.004695005114415255
-0.0016175870541198618,-0.0039910133715678016
0.0008697557349544376,-0.0033825727578473625
-0.003421150562863332,0.005285403567798837
0.002164754179213422,0.003558589852224745
0.0022299258390605504,-0.0023743759804260344
-0.0040758129438981565,0.005743149919154049
0.007183546881679442,0.0033048485881942624
-0.0024210789346942835,-0.003258984473862055
0.0028436842241546766,0.002578356006659079
0.008440361635745144,-0.0055433225079051
0.007227828395044838,0.003412442699357661
0.0061289804540751005,-0.0038993742091386146
0.00965091065210978,0.0024068536359534006
0.0003993547646074875,-0.0031678674969531787
-0.0017582845779349795,-0.003260845393978309
-0.0010848923364964592,0.002447461388513148
0.00864724914225011,-0.0030689557121632337
0.005891666108661651,-0.003654759723993555
0.009954354286218684,0.002485282735977688
-0.000964563317957389,-0.0019931360949724153
0.009538863638778648,0.0024411975609070747
-0.003561414806858812,-0.0014605093382230737
0.002372641741240035,0.003288522789379003
0.0030651187280249167,-0.004692826326403276
0.0018006449151491272,-0.003257564030599109
0.0026595732102666003,-0.0022989442272466475
0.008501611241254712,0.0028952067929906575
0.004448968839806343,0.0032900951160620626
0.007102926407707858,-0.0017614150629720966
0.009616302261387858,0.002560153510657826
0.00965091065210962,0.0024068536359533816
-0.00279020961663482,-0.00415559866259985
-0.0010136034785004696,0.004046684247718694
-0.006656910572260546,0.0009134794649562093
0.002774075688951316,0.002987993937277623
-0.004105340013664016,-0.0021219920376027318
-0.001595233319735447,-0.001333981041274959
0.007573017952321892,0.004166372595363813
0.00525583938632253,-0.00249783830018946
0.001915805653100054,0.002839661610647644
-0.0002117481072597981,0.004204953472543229
0.00061900107358194,0.002637690469660543
-0.003077542637767342,-0.0042726205930182105
0.009063721859596417,-0.0027885119466308102
-0.005295173586731835,-0.001270016841473165
-0.002798913205919342,0.006014604440119713
-0.0030450738541856347,-0.003416611073681909
-0.002676076298743689,-0.0005973375428336364
0.0006447604394557972,0.002375751685747032
0.0017994550784297292,-0.0033367776946449934
-0.0017221694296557445,0.002063446783851804
0.009317864735622796,-0.003990503461371203
0.0014040827160882994,0.0033335313965337857
0.008878709704618626,0.0023685739896468746
0.009650910652109632,0.0024068536359533794
0.009650910652109641,0.002406853635953328
-0.002686756681701392,-0.0032587067877876525
0.0026831867300279276,-0.0035031558909399537
-0.0025776363148967705,-0.0027695850983599887
-0.00022564691071659852,0.0035248573481286172
-0.00521165366514096,-0.001245136248907251
0.003608765104487306,-0.004705297977664532
0.0006104469848725718,0.003584910215463921
0.0034812075597467325,0.0016528770283288701
0.001528674059129617,0.003301109906784652
0.008768534782079868,0.00298661831825371
-0.001697074073288841,0.002579413627591568
0.004881101515967097,0.0035684508021080123
-0.0006152796732376003,-3.924390899132632e-05
-0.0021691757073787257,-0.002460021816371712
0.0011381993147074438,-0.004769074757017672
-0.0024963398177581743,0.005308691684503097
0.009650910652109683,0.0024068536359533625
0.0041198388045430405,0.004503553737585393
0.0005275423179802586,-0.0031959049120720527
-0.0014858808168943139,0.0025511615491923315
0.0015506505935207813,0.0031511224069888065
0.003521761011450218,0.001445894456170503
-0.0032302278166248355,-0.004142942699040772
-0.0027486310082465025,-0.0007792423998242103
-0.0024828220737210024,-0.004885508370512852
-0.0013960910233385424,0.002350354206957214
-0.004943547712206459,-0.00020649420079753728
0.005693204204755731,-0.004847157824042274
-0.0023062421909116507,0.005151602350000624
0.000798384819815014,-0.003579754437887756
0.007179511855797941,0.003046480015232471
0.00434079086925836,-0.0059990070188524
0.002285766549058963,0.0026388154210885517
-0.001684850150811341,0.0025095791107474846
-0.00228420361422903,-0.0032569618762751194
0.004887934385286091,-0.002859024643254628
0.002089132305343377,0.0031295038262087144
-0.0036587233233483013,-0.0021655763560128843
-0.003033915225073428,0.004484538631381322
-0.001635559363157391,0.0019373874675755849
-0.002005580852398504,0.005069937503825349
0.0003959496780542507,0.0024472040867236653
0.00872322777018602,-0.004754826131925783
0.009650910652109764,0.0024068536359534757
-0.0010609979827396884,0.005408449031392041
-0.0015237469375070061,0.0019833018942021327
-0.003153184137484555,-0.0027036972293403554
0.008829343905873654,0.0031594825167057406
-0.002555929536292174,0.004955635568536012
0.00317422926795155,-0.003966009848114858
0.001002990964733981,-0.004086470867212748
0.009650910652109757,0.0024068536359533946
0.0011563479720913233,-0.004170851819987475
0.008593019772173657,-0.00440391790490852
0.002044183624828527,0.005248869296588903
0.0004937425361883788,-0.002760117215449552
-0.005729867788011807,-0.0013096391313628798
-0.0007851444052495524,-0.00471030602519764
0.00014396470316958566,-0.004038577757775994
-0.0017113368495186116,0.002328744127104583
-0.002784514435996296,-0.003241478189601277
0.004396789808144852,-0.004982707477966122
-0.002819717749392078,-0.0030930121929775485
0.001761588734162196,-0.0038256356911236865
0.002320280193041094,0.0031612319065764355
-0.001500481003261658,0.002204871324778786
-0.0019307713423769972,-0.0027916005393510265
0.004175888741533952,-0.0020140772843161106
0.002524621159409743,0.002948298283496653
0.0001741819586143866,0.002271551946835382
0.004955845286006971,-0.003853173329484825
0.0011864452264423694,-0.0039199212876470085
0.0005850226232918959,0.004012434539372799
-0.0016954053620904673,0.0023244917397629156
0.0071442161587709115,-0.003676632264109091
-0.002747161257081047,0.004889645728963516
-0.0037103048491738274,0.004587192358207315
-0.001116746770915818,-0.00010229605965581068
-0.0009108145027211683,-0.0027722243036595313
0.0011731913571289203,-0.0019412120920146757
-0.002528333224588557,-0.004403665506074074
-0.002558050721111371,-0.005029554823902742
-0.0014699427324816369,-0.00102754391990215
-0.0029619294748167483,-0.003022322639248057
-0.0019359677759449017,0.004073220655877681
-0.0018871783235332883,0.002213360090883403
0.00047218519876360054,-0.002413834123130008
-0.000982255028762865,-0.0037922357469557895
-0.0012889101516486826,0.002178848455721444
0.0006415509361147036,-0.003498469855844111
5.484353775567213e-05,-0.002087838078901007
-0.0032413919075170647,0.005282233578571318
0.0042826928309677706,-0.00483832696999727
-0.0015054810580872454,0.0021378142326076636
0.0010759873608462524,0.003093756138115082
0.0016512365096745185,-0.0024703674779478174
-0.002654838055887619,0.005077602872612723
-0.003121155392040789,-0.004649382710282907
0.0028158537726795285,0.002857964224965575
0.001660619964145045,-0.0029007831734515163
-0.002884943895371234,0.005712272144057773
-0.0026465778051308554,-0.002975837107854267
-0.002694025359722782,-0.003126974611087918
-0.002866379790702817,-0.0034314158881641713
0.0004316617464239547,-0.0028817230517320046
-0.0019920894515838413,0.005639207586978285
0.005255383880590327,0.0020494377787256667
-0.0033986679698164127,-0.0012316363260120233
0.0008783573413078502,0.0046912852864734195
-0.002952186380507235,-0.004957208318072841
0.006270698947508718,-0.0033429508120871977
-0.002946837167041871,-0.0031530188519946723
0.004160067455898944,0.002527216077732997
0.009348799482604605,0.0030988540379659458
-0.001332409951927932,0.002298340844939891
-0.0034274525302428523,-0.0011394909078023298
-0.000354576548378163,0.0036335389215204736
-0.0028162159765373505,-0.0034031706015106504
-0.0038676537604899895,-0.0009400654252612915
0.002790813756251841,0.002852568658149106
-0.0026720315967169285,-0.0048070336823031546
-0.002280838722906004,0.0050801567915328945
-0.0017459981551488646,0.002105355358654521
-0.005059785051694406,0.0006004504835228207
-0.0006008777136479195,0.005701467733860635
-0.002934912460390554,0.005660235549967367
0.0018326842553821378,0.003467485048111472
-0.0029971287749115884,-0.0037756486391010676
-0.0025552710666714392,0.0048914649417422925
0.001654782614239647,0.0034530269127079206
-0.0029935065436549773,-0.003893418955574971
0.009484380762653833,0.0024910606782354355
-0.001523746937507023,0.001983301894202155
-0.0037304546860421413,-0.0030784242719674357
0.007771217973371214,0.002190253769366712
-0.00439035764706575,-0.0010464150815083883
-0.0025233311694133433,-0.004958388900493498
0.008937379789099656,-0.003963737630445822
0.0020409973159671237,-0.0042588342264285135
-0.00241336563158922,0.005317403786459302
0.004786383608450296,0.002927784070487281
-0.005025810291441469,-0.002103245349307366
0.0002600980159060526,-0.0036126316984591285
-0.0015454553023558897,0.0020738959665414516
0.002272030696201637,0.002787757438639811
0.006372260676908397,-0.004355700109109867
0.009148958709943074,0.002402076004374152
0.0033949681432842134,-0.004922290100144077
-0.0026592389778123757,-0.004764294986094254
-0.002577108554197411,0.005457061361269508
0.001600610338189365,-0.0036588392731327353
-0.003321291638383561,-0.0031413526462970684
0.002823623719276734,0.003085508558415121
0.008965512319708947,0.003311066369035779
0.005127377424831237,-0.004178385434342827
0.0007726064891131138,-0.005356913654471019
-0.0028499420797238094,-0.0036522127347031583
-0.004452775624835376,-0.0007565282369452271
-0.003285716159615753,-0.0031141523175565004
-0.0038424011648256254,0.0053703094382748316
-0.003851336813755329,-0.0003289474300944533
-0.002644610738088617,-0.0029842771428070787
0.0059416655116757726,-0.002246048330961066
-0.002959674413350124,0.005134999905660708
-0.0038103344548931946,-0.001678892720675247
-0.0009500892772722146,0.0038709422940581303
-0.0036204061107622367,-0.0015303210592612164
-0.001724523448227256,0.0019903005945633165
0.0022899898539258438,0.0026314607015458804
0.007238627753106683,-0.004302441461197806
-0.002878987635975003,-0.003434842604151155
0.005188176824027882,-0.0035961433905452892
-0.0009534668688243082,0.004396738642864447
0.00981195893304146,0.002447363572191185
-0.004237284101021315,-0.00034345758806854766
-0.0027322312688420457,-0.0038682590217643566
0.0010039276968525541,0.002893397317182851
0.003890964386738401,-4.7145082434543055e-05
0.0007463011664371372,-0.003329067587153637
0.006199458488035234,0.0046085254880816025
0.0016354892802893795,-0.0036437637859278284
0.005862917751420043,-0.003889606016924524
-0.0030694741580806644,-0.004342142780746707
0.00046321745675434266,-0.003707177776382168
-0.0027934334256009426,0.00495704892280871
0.0009722609902068105,0.0034028081644375445
-0.0026517694321137025,-0.0027180213193772197
-0.0037073618403869082,-0.0022714283831878146
-0.0030195611055709184,-0.004228551175509246
0.0013527033968390829,0.003008263193291387
0.0013926112769006333,-0.0037328613591304785
0.0018777848357985373,0.003232503072823245
-0.0018074630930756245,0.0019349885420453005
-0.0036222630007911876,-0.002003095101856361
-0.0027963258300576885,-0.005138884535300681
-3.613427411723081e-05,0.003660873383372421
-0.004409586676014758,-0.00024095957065246537
-0.002774683194862585,-0.004987787673212124
-0.0011257983171899706,-0.0028847213568464814
-0.0022834505566328867,0.005346471318576935
-0.002937188010821312,-0.005055050043833402
-0.0023556393807400515,-0.005038112408984401
0.004337058263209916,-0.004694296033827005
-0.0037028264700523783,0.005224330692967848
-0.0018871783235331573,0.002213360090883545
-0.0026948171961599272,-0.005337482427822118
0.0035897063347008124,-0.004158376328641369
-0.0007624616891417524,0.003798812036078853
-0.0023089918330036715,-0.0030454903580301733
-0.0011703633079847107,0.002196173544720918
-9.334384182705388e-05,0.004893914908591864
0.00261945236995928,0.0029984164920128895
-0.005144384520094125,-7.098915009217633e-05
-0.003249152142607765,-0.0034421015222063293
0.003481207559746851,0.0016528770283285787
-0.004234845893242192,-0.002506501202065528
0.0013788741727039395,0.002963767137328508
-0.0032474486860495032,-0.004614491619608839
-0.0027292632250200794,0.004843106792045977
-0.00225023419204375,0.0049323167246000344
0.009118198574355503,-0.002637036691392012
0.0017148915839032262,0.004309417613135065
0.005184915129052187,-0.0028086116902753516
0.006703572710291405,0.004457500739500268
0.008362777438406925,-0.004075911269600466
-0.0038421084009345016,-0.0028557642429713737
-0.0025755949184969496,0.004237707957318148
0.009650910652109533,0.0024068536359533634
0.009390147729775231,-0.002600509901918421
-0.0013960910233381722,0.002350354206957048
-0.0032080100102173867,-0.004550786791544106
0.007004786629028148,-0.0045177236068172965
0.0022940210926326193,-0.0035629331215660336
-0.0022453167889337575,-0.0033811492486786597
0.002560353137695224,0.002992806486831823
-0.002604069791420851,-0.0019579564416628693
0.0022251424057592676,-0.0015286036032718918
-0.002073265020315051,0.00538093426150936
-0.0021898623368783354,-0.003949787024184859
0.004621705804852037,0.0035381617772410347
-0.0008111616165038716,-0.002912323981662124
0.004526009068050497,0.004060165816036523
-0.0015054810580872912,0.0021378142326078093
-0.002092006015030181,0.005030915518865819
-0.0029924671096432463,0.005027941171584397
-0.0009545635425459181,-0.0044362335815401515
-0.0032440181048802876,0.00517315557659147
0.0056883684851947855,-0.00579153321870843
0.004396039539531121,0.0025983912104157085
-0.0026575024201042964,-0.005378509868175312
-0.0004678030958128525,0.0034025610012924116
-0.0027600819078418483,-0.0038130537118245067
0.0038979785254710307,0.0028720297184782555
-0.0045921776716910815,-0.0012499265500353408
-0.0029330360257738062,-0.0031114475097741103
-0.0016359531166640234,-0.00333681133389108
0.0016443308465193577,-0.0030216504411127868
-0.0023333981496099577,-0.0032426782930686576
0.001907675257077799,-0.003463337789449238
-0.003313435501915944,-0.00420023516800074
-0.002585840572975036,-0.0005916968756777209
-0.002910573915560396,-0.005168628297137766
0.0034255724911608416,0.0015522058141989512
-0.004684317841157022,-0.0014103548053366207
0.002815853772679662,0.002857964224965539
0.0037395570801362975,-0.003974275057350595
-0.003990012413969599,-0.0006381384802705188
-0.0005489244451329452,0.0032141576710510615
-0.003571328967837734,0.005344224619221889
-0.00438391332825783,-0.0005759032079173247
0.0007577058232879508,-0.000604587976146713
0.005650270852169419,-0.004856870451344023
-0.00151541741022222,-0.0031399382157434935
0.0009699423372542496,0.0030224966878921386
-7.527323536759947e-05,-0.0029178167533336174
-0.0027114854339119953,-0.003824167143598032
0.003835589689859012,0.0027747090081825247
0.009411203876599425,0.0026829098200184995
-0.0022971583665496523,0.004485305312784487
0.0034812075597465517,0.001652877028328711
-0.003837287534924885,-0.0023498992982112217
0.0028158537726796387,0.0028579642249656903
-0.0016581296372294037,0.00228484520474025
-0.002556831927555575,-0.003162500536093464
-0.0029930244144904163,-0.0023893631657268192
0.0019717089473885833,0.004821627721948923
-0.0014638877143459733,0.002522602213526741
0.003573549261569959,-0.0005332724725923451
-0.0010648636263022155,0.0039698629766245904
-0.0018610172435921091,0.0022999603734730864
-0.004682528923626972,0.005884637495090189
0.0020991502064304926,0.0028007027126908026
-0.004489932788504508,-0.00041539725154106296
-0.002718733196550859,0.005121847292390824
0.004758194822373462,0.003826558850598511
-0.0017330712174264138,0.002363202557696488
0.0012436832932589375,0.00311590399991197
-0.004399389767161157,-0.0008949133218158188
-0.0023305693226774956,0.0048564183749616845
-0.0014502682271156251,0.0026208170943376008
-0.0021889372365894878,0.005032613022396625
0.0008937152248584728,-0.002907711394748032
-0.0022176830233504347,0.005064490944235181
0.0024222575089422774,-0.000568388785364619
0.0057919238293607815,-0.004677245641048046
0.009484380762654199,0.0024910606782360505
-0.0026644812477863884,-0.0025677907625827946
-0.005721063546982535,-0.0014657171140887387
0.009650910652109686,0.002406853635953391
-0.0015791708790912173,0.004818125291250424
-0.0030186549161267044,0.005242948361401546
0.000532892169434834,-0.0036180427285589897
0.005143343559046713,-0.005517906485511227
-0.0030302206301502277,-0.0037763570583632796
0.0014148229763390147,0.0032020980878130177
-0.002734836522173352,-0.0032179736872371407
0.003743995069694073,0.004828562186153899
0.0005389367074049587,-0.0026869492559199477
-0.004360187904579276,0.004967571272798472
-0.0011108744143864732,-0.00447540173695672
0.0011593631830626788,-0.00413864531108317
-0.001950292386352454,0.0019243289032745514
0.009525405730978152,-0.0021482836663688338
-0.0025892380212714397,0.005297056122355247
-0.0034313794286691475,-0.00435620411723777
0.00793968033515893,-0.004809988404993566
-0.00016190248758954376,-0.0022981967289887784
-0.0028394262158523546,-0.003924178411733437
0.0028107209915950067,0.005113736480643609
-0.004174150252024742,-0.0012352162965375228
-0.0014638877143461008,0.0025226022135265993
0.001806077388108986,0.00315163583201558
-0.0015237469375070955,0.001983301894202118
-0.004173825732464234,0.005271447605493572
-0.002838866550497962,-0.0042880018960135165
0.0015579766227057713,0.003403065082843797
-0.0015876694127112648,-0.0019071272626474411
-0.002902887494434112,-0.0052687058633305
0.0006875251701190823,0.0024752374900751037
0.0005122141523152626,-0.003384869627163932
-0.0017510266838467413,0.004238600156411022
0.004749201780513299,0.0026913966356525093
0.0014517867509583776,-0.004053535561790281
-0.002752966542437963,-0.0028593837450061497
0.009650910652109568,0.002406853635953365
0.009515927526379232,0.0024660235529671906
0.005579230308596362,-0.004619913148527459
-0.001724523448227079,0.001990300594563206
-0.00042617373220202564,-0.003512508570657853
-0.0035325605374959147,-0.0036512660838676518
0.0024893796471438206,-0.004760110716636556
-0.0003175200188973788,0.003892593093364247
0.006364981380943099,-0.0034469639186665516
-0.0009033956607915547,-0.003917301599933662
0.0076613124289174545,0.001781137503068834
0.00571700119628549,-0.00421857109729028
-0.0008893664829378767,0.0055095157113639924
-0.001450268227115667,0.0026208170943376463
0.0074636038623226,-0.005454293205759717
-0.0016970740732891163,0.0025794136275913188
0.007327334878804151,0.0030474400678282623
-0.003117615648262788,-0.004028484053668056
0.0023997209904409226,0.003011578518680534
0.006535176036033269,0.002681341736318433
0.004035036102527166,0.005214402274859606
-0.002394430199079928,-0.005123326016015946
0.005100198098304952,0.003968852812999328
-0.0014580071947805113,0.004217864631262009
0.003481207559746615,0.0016528770283284614
0.0034200021634235396,0.003470893016050768
-0.0022382910173123433,-0.004266307902972224
0.0023151465553121193,0.0030609397638251996
0.009031823821467493,-0.0026023454897496777
-0.0025995936083401945,0.0058792825559462756
-0.0028750965426466418,-0.0024427887249083477
-0.004876337112869832,-0.0015844909421520636
-0.0026434551295954132,-0.0029900463062940393
0.001272760202446894,-0.0032625032211229324
-0.002714602642663522,-0.0046844509217492565
-0.002368369961274039,0.004896232523185444
-0.0023294906191425164,-0.004438876729519789
0.0007004197439713827,-0.002650490618679826
-0.004252403088197334,0.005451438932662037
-0.002347850735197508,0.005096072887159328
-0.0009373707915954582,0.0009287536243372716
-0.0026231815295503897,-0.005306522843383182
-0.0054906779735025306,-0.0012889404667242152
0.0028158537726794865,0.0028579642249655533
-0.004211130719884712,-0.0015536956881293002
0.005968874633019231,-0.0018326912639317983
0.0055421727904704,-0.0032838238569443783
0.009440781835824604,0.0025972918175859753
-0.003987680394981695,-0.0018515115920822883
-0.0017221694296556738,0.0020634467838517097
-0.003214127518855863,0.004909518442230564
0.004284465309807949,0.002814735906235619
-0.0013369416399434996,0.002129223096366027
-0.0043213021347644,-0.0026667834202749453
-0.002908186783636615,0.0047041730519525645
0.00018239956859506925,-0.003326560571301872
-0.0005165684265389255,0.005513969494184914
-0.0036156692880570103,-0.0016355690971559013
0.0024593555551202374,0.0031526753209459826
-0.0033336635530062195,-0.0039046950973687282
-0.002282908378924243,0.005250590676086113
-0.0028320412069605663,-0.0023260190699855516
0.005641822142512391,-0.004523787210789882
-0.0012923410246634198,-0.002531508749105538
-0.00046597326050758036,-0.004140225570005887
0.00047861145606599675,-0.0018903187004792469
0.005771290153853576,-0.004353578508000145
0.0045814847234883225,0.0035540593823772757
-6.413995555800084e-05,0.002029472550337292
-0.002638603416949145,0.005017257783260412
-0.002868577398960905,-0.003955605714862317
0.0007772283614844515,-0.003647458736036693
0.0028158537726796756,0.0028579642249657003
-0.003085632514996038,-0.002949841422016865
0.003849751536150489,-0.0031783629543171627
-0.0020103328567960977,0.004483258227662482
0.007164857632883203,0.0034947624418450165
-0.0057746175669175105,3.897837147965281e-05
-0.003386983605959482,0.0051383082244324885
-0.006478862040416132,-0.0009383958951908511
0.0026040465282781014,0.0030372016912569525
-0.0023752005633201167,-0.0033473835906767026
-0.0008684244759343458,0.005870338680046012
-0.003025006271766793,0.005316336249697168
-0.006006758915904392,-0.0005124638738696987
0.0011139356921051247,0.0035262693616111536
0.006477625933353106,-0.0015619045097174657
0.004103499706241142,0.004395488078336641
-0.0018970771542687736,0.002182013084378907
-0.0027872780428403496,-0.002126911457160758
-0.0044398660946536805,0.005655132928684585
-0.004950891869216658,-9.799099036888593e-06
0.0013776693893806633,0.0033553443612630443
-0.001220306963188227,-0.0024795100640822476
-0.0043903082115420615,0.005358012060690432
-0.0027627595782460756,-0.0029857393765232456
-0.005015110885659684,-0.0016338052095832044
-0.0020448773750970217,0.00208148157836532
-0.0025121218751628926,0.00529566357565914
0.002029316297280244,0.0038519201795601627
-0.0026994620501611787,-0.0010576571182979138
-0.001969518706517633,-0.003167769031320629
-0.005882861517458192,-0.001145360296595151
0.0005268483598147033,0.0038809082716393653
-0.0019316319440265332,0.002083371984053588
-0.0018899522033003866,-0.0024782074148107956
-0.0038600691475235327,0.005269868210624717
-0.004414102915822842,-0.0009645851379977084
0.0021044419504733076,0.004888637928981211
0.005898064161863767,-0.004869422476765203
-0.003175430467013611,-0.004704604994258673
-0.0017245234482271053,0.00199030059456336
0.002734499019321321,-0.0015424463540743539
-0.0031968267158627235,-0.004428644973112633
-0.0030027680693025826,-0.0013384910045270396
0.004379665516773743,0.0031492799039986655
0.0064480568951583465,-0.00388384558875842
-0.0031994820645732678,-0.0014030137839796846
0.0039838750904743645,0.002311432493891548
-0.005507238939876783,5.890672038819432e-05
-0.002369181153289113,0.004553462800028585
0.0014934683040176548,-0.00334507171474378
-0.0028933667582648035,-0.004277401329723904
0.004239359737053372,0.0038710885311585273
-0.0028542641015519296,-0.0044254917060339944
0.0015392987683311044,-0.004126279522578868
0.004160908327624596,0.0034825330895340316
0.0012476618300969443,-0.0033956848902123036
-0.002362226623516614,0.004925315855850395
-0.002937745798006882,0.004794061632107235
0.008271153251149618,-0.004118086458968612
0.003486716206209292,0.0012997629620018214
0.007888446839712602,-0.0022708277800214593
0.00612670964971729,-0.004123311843597511
-0.004506194151847,0.0058492962910454355
-0.002499433815432363,-0.002479112071634739
-0.0017459981551488928,0.0021053553586545364
-0.0021887788000063946,0.004974642710569988
-0.0027374859498230874,-0.004151901891347596
0.005210102080768615,0.004734348826800553
-0.004049852756185847,-0.001523677759703543
0.0012662132702788707,-0.002498362191035548
0.009650910652109341,0.002406853635953144
0.000404397264753891,0.003342154631548587
-0.002637821107138677,-0.004042201058311227
-0.0014707740400201341,0.002082945092096801
0.00953886363877856,0.002441197560906998
-0.003409532309229754,-0.004613671308135879
-0.0024624629178549135,0.004713488223730889
-0.0027560780588010954,-0.005389925052025085
-0.003506405724589033,-0.001432082381795251
-0.0030124774150618707,-0.004210626765887557
-0.001387223479769257,0.0053065975225981615
-0.0014686635418830639,0.002274177340270502
0.001519541487518655,0.003055745623000953
-0.002806938326920292,-0.0032511920666793565
0.0040121800497886825,0.003194345624709127
-0.003686489964499286,-0.0014524467883525306
-0.0009534668688243847,0.004396738642864436
-0.003055001064896586,-0.002676665987935929
0.0029075165095058526,-0.0037390996586536512
0.009333026388043869,-0.0025099105583758254
0.0024174841952310532,0.003037616139390173
-0.001551932206892728,0.004610920252862731
0.004749201780513307,0.002691396635652435
0.007120448785692287,-0.003808289925285311
-0.0014995606588335065,0.002307013517676932
-0.0038221151248905042,-0.001201412957743632
-0.0011941046835831468,0.004034077348069469
-0.002601604844794281,0.005013177986067257
0.0006112623156107843,-0.0032140973028101515
-0.0028081835398051373,-0.004505357625163198
-0.0036538094448550517,0.005197781379967602
0.003091598083536406,0.0012143348495407382
0.001117870480462706,-0.004254156644546469
-0.0028067719084961403,-0.0016946643431480035
0.008013244461215575,-0.0017203803413485177
-0.0023583212941050064,-0.004607081317082941
0.0017586391555086992,0.004963444615511183
-0.002494246665719652,-0.00483339965872821
-0.0038331201603800705,-0.0004430436202197444
-0.0019386604416962842,-0.002215169456110579
0.005504996017966138,-0.004648914175189963
-0.0014182926749227865,0.002437835967229749
-0.0010321127370373866,-0.004616854360253744
-0.002079772134536207,-0.005977032089370559
-0.002501334678412282,-0.005721601095353971
-0.0032680941252771,0.004923252730984658
-0.003207122358392688,0.005397297428464878
-0.00268723823956524,-0.004761028111086876
-0.00608855489240251,-0.0018254538353640888
0.0018757618464550435,0.0030954584010469827
-0.002857274610605159,-0.0032753044005115503
0.0036668252163299148,-0.0004595812150334306
-0.006219876131561549,0.00045141000661159865
-0.001709986472162698,0.0021012826633956512
0.0024489983447270954,-0.0042497173489603
-0.002212790048875257,-0.0028495140901529294
-0.0007682835768868402,0.0030198696751175466
-0.0006464977852882501,-0.0036091001486062845
-0.004882100300257897,-0.00039493575871761343
0.003111144717387779,0.0028748803014493926
-0.00114448454631988,-0.0002560019188000272
-0.002457172998807584,0.0051008170942676975
-0.0011797480484287103,0.003253605886857881
-0.005018170472347158,-0.0013562561590579319
-0.002716539239132905,0.005040626532931653
-0.0015206362618141456,0.0025450687909071594
-0.003248581060884041,-0.004511808510068965
0.0006448507633879725,-0.004162930453408291
-0.0030071302513241913,-0.004735335329196405
-0.0029101143076210112,0.005747603005981744
-0.0017250883169843882,0.0024979788462584484
-0.002726291642320886,-0.004907350939318271
0.0013363142571961354,0.003649722056197695
0.0010467310974797551,-0.0027252675700528287
-0.0019583137556187158,0.0021556040811766073
-0.0005415538768189271,0.003742526263922814
-0.005656703458634814,-0.0008141638731894548
-0.004571249787506416,-5.82230419984926e-05
-0.002799796254216234,0.0046436420620432454
-0.0030802102872185557,-0.004185389090928533
0.0015774443707226562,0.005375366659075513
-0.004415544501935366,0.00033230624615213707
-0.0037452083981106207,0.004932699973965303
-0.005867335615385236,-0.0009761774793613217
-0.0026085804732349747,-0.0052411886667456525
-0.0010419157577885394,0.00443277758020565
-0.003919588432233371,-0.001733077856559821
-0.005747751577312804,-0.0006787914707640165
-0.002913300217776712,0.005196904709966866
-0.0048393031357571266,-0.0005350266275994125
-0.0028328630170324502,-0.0030782642824118867
0.0007416423329219597,0.003235147436811959
-0.0014780680492917796,0.0024386805690939086
-0.003264733215654917,-0.0032801895626407922
-0.004796115448085961,0.0004882753748519984
-0.003072370807164725,0.005130077180148218
-0.0030902034900252627,-0.001696781594575051
-0.003092500907953059,-0.0027833618009313315
-0.003250083339133612,0.00513848513310815
-0.001977740111293962,0.004596105971041923
-0.0027845144359961997,-0.003241478189601205
-0.0038378984688538465,0.0050654462137869035
-0.0029618592749953783,-0.0024455584563282387
-0.002476066583847419,0.005045338513729209
0.00897839592046401,-0.005187688174938182
0.004881101515967222,0.0035684508021079143
0.00036449044277314294,-0.0029033623462739492
-0.0030533798748660435,-0.001994963932303862
0.004370562130664345,0.005032823823571419
0.0015404198384314086,-0.002512770834117453
-0.0014318090581479583,0.000499519446541087
-0.00417034800334213,-0.0008936908933686152
-0.003911118637709999,0.005824889650846033
-0.0017052892216679518,0.0022329813033091493
-0.0025928606440027853,0.004518318383812745
0.009161796687121908,-0.003352345211979091
-0.005716283860017819,-0.0006975568599519047
0.005914427466777512,0.002440409965451436
-0.0037145229564980826,-0.0011506100059276894
0.009650910652109611,0.0024068536359533577
-0.002663407347677023,-0.003975821384165457
-0.00451260755229872,-0.0010782732823510872
-0.0039049876795948873,0.00019433365720161
-0.00035204739189815366,-0.0031121610488785206
-0.004475345766697299,-0.000561630722715111
-0.0018902663833664456,0.0018302905385273866
-0.003196087995838139,-0.0006836658082873593
-0.0010738046154830578,0.0039473879592707515
-0.0017459981551490745,0.002105355358654449
-0.004437804847764364,-0.0024803233362929193
-0.0011053353273082658,-0.002466742490092367
0.007160969641461614,0.003567018628964684
-0.00521891142493075,-0.0018039380405810716
-0.0021650506603802353,0.004728317767226588
-0.0026189385134003347,-0.0026738488664111034
-0.0015101583882179985,0.0022203137406175536
-0.0012750283385282825,-0.002609583293863632
-0.0029059977397039192,0.005191113603351156
-0.0030029874008938758,-0.0034313548704799795
-0.003687075671659834,0.005528171592147243
-0.0015219460259387964,-0.0019895134600706097
-0.0029297283322195816,-0.0032568254071662986
-0.003141914370772668,0.005296265472052633
-0.0029550580144863075,-0.004519900824353208
0.0012556549707446881,-0.0031813090302349354
-0.0010834974295903218,0.0039185159554514385
-0.0011606238808357706,0.0022294357097461994
-0.0027913879018690384,-0.0058738527811939755
-0.002450981307087181,0.004495066760129141
-0.0043275161842797755,-0.0014993295040715466
-0.003195466625834599,0.005161876118206926
-0.003171383220379167,-0.004844186481911507
-0.00029105120894928394,0.005705259715375531
-0.004485491021669497,-0.00027727960432104954
-0.0028246332928564388,-0.0031193248114175344
0.0014170617881835241,-0.0038655279301010024
-0.0024223654925473437,0.005435426445611107
0.000485587037165165,-0.004163786985484969
-0.005326274385967201,-0.001083342684534363
-0.003741988284922743,0.0055254578259942635
-0.0014213649535228135,0.0022488202732688957
-0.0030864789078780008,-0.0042559402731214046
-0.0013324099519279936,0.0022983408449397343
-0.0029006676477347673,-0.004016765429553612
0.002952658847888602,0.0015058633122836
0.002211232992462532,0.0035814290925348406
-0.0031037613706516114,-0.004610068151266701
-0.0025323257598665752,-0.0006123085476831386
-0.001393723035342901,0.004039960129709153
0.0003307522275752122,-0.003760883093133395
0.008062071271640164,0.0020746935449794273
-0.004793177238487821,-0.001978189833586257
-0.0028811669777268865,-0.0035165295490577147
0.0004411451941261017,-0.003582365486546396
-0.002866357818204302,-0.0038226123533195793
0.004406808115226785,0.004415293333991875
-0.004198962351993803,-0.0004496682866666689
0.0033509130933507044,0.0035561128638069775
0.007906352247571696,-0.003510830848474531
0.002399720990440811,0.0030115785186805785
7.448599609274506e-05,-0.0031202128889378476
-0.0022127814735390643,0.005365276113830952
-0.003954067347381816,-0.0006249256552978319
-0.002589223784166992,-0.004995016349922037
0.007298414405782938,-0.0031861794111717506
0.009083901555549492,0.002743857824561389
-0.0031190048551443506,-0.004238079145733258
-0.0009248313889102141,-0.0027701391133942385
0.008579188418965818,-0.003737381547133045
0.0036445379390150807,-0.0038832168170188034
0.0073456945683616475,0.001953420735927636
-0.002529279633519867,0.004888784934956065
0.007183546881679373,0.0033048485881942294
0.004265719971301148,-0.002445301031977274
-0.002383880856008344,-0.005842152676231803
-0.0019943543101476552,-0.0002594325344208362
-0.0028466973556403674,-0.004889628932810314
-0.0011075984169534895,0.0026602542299357574
-0.006142987273392711,-0.0003936878265661429
-0.0014039795098160955,0.002133864593587598
-0.006647466704376831,0.00031722635840854345
0.006142612477812014,-0.003925892270870666
-0.0034404083697563005,-0.0002027122741760674
0.002207909299568435,0.0030870801735143017
0.007265580214201135,0.0036166110362117533
0.0025550810482197457,0.0032290124757203263
0.0063758051578522755,0.004598207716040697
-0.0030815885018787557,-0.0046499880402502995
-0.0036258591021500505,-0.0022590443674057646
-0.00012616552535048503,0.0029431013766831656
-0.0052019705108280285,-0.0012234322855232216
0.0073325044883372666,0.003688304881466235
-0.0028649515377911932,0.005345477979729894
0.0016603947914063041,0.0032474406930352476
-0.0032467822920344788,-0.0026721721696708394
0.003992231286517173,-0.005047616366519983
-0.002266975044098254,-0.0024410493010763074
-0.004240213172272432,-0.0010049979256427056
-0.004042897196796737,0.005458620287692955
0.002692479166941082,-0.006262752337334462
0.003742735074607047,0.003208336786365513
0.0003936757791115078,0.00220991101129482
-0.0017459981551489984,0.0021053553586544427
0.009315501886441984,-0.0037750342254798523
0.001029974803099093,0.0029233677177231644
-0.0036964470220304064,-0.0014313871653419737
0.0013801098309062408,0.005096964917716915
0.00015099586707564751,-0.0043649157495315345
0.008754129787316715,-0.0029005808014915552
-0.001448947345272072,-0.0034028826564588494
-0.0012919900405233774,0.00540602700601936
0.009538818596532628,0.0024740402992869254
-0.003180309715568704,-0.002853191185370326
-0.0040428971967967076,0.005458620287692992
0.005749835349285453,-0.004226562763172143
-0.0023299731926458337,0.00540353933907671
0.0013494367836277728,0.0036365097019831196
-0.0028246104497297417,-0.0035209574106174297
-0.005094127269069647,-0.0018778764886003075
-0.001108617062187313,0.004462278745050373
-0.004152497804301914,-0.002568861707481527
-0.006420177323141105,-0.0009563094304356045
-0.004033785693772969,-0.0003229818310489717
-0.0022676907274799224,0.004933973054166568
-0.0012787439705814535,0.0018821534244368066
-0.002593285714369971,0.004654967838377355
-0.002704327261135851,-0.005468747789671432
-0.0037646118590297503,-0.002129185799217799
-0.004411103760838479,0.005784063155408981
-0.0035670673756225046,-5.790710451658343e-05
-0.002539291424027765,0.004957813111812451
0.0011656099127254082,-0.0026438863060328993
-0.0033875144735957944,-0.0035257509544401587
-0.0025782122449355023,-0.0023291249315289474
-0.0033004827998919656,-0.0034889000900226877
0.0016323697502603875,0.003441498849195858
-0.0014686635418830105,0.002274177340270504
-0.0009038427719860705,0.004365414785833928
0.0014821783646517559,0.00358275002270953
0.008183462275964712,-0.00421869571984075
-0.00398022956212069,-0.0013554735885738134
0.0016603947914060266,0.003247440693035291
-0.004035588525220448,-0.0008357560616456338
-0.0027989686651772967,-0.0033595928117659763
0.00011375496500676607,0.0036567037941279135
-0.0045022296801171,-0.0016984124629115392
0.005480245991935722,-0.0043297868358775264
0.00022362232091489577,0.00347926565543423
-0.0006452711040014582,0.0023848729869765314
0.0015220985840947883,-0.0027511662801095434
-0.002501730742631586,-0.0049850487751118755
0.0007729489000940287,-0.0041559362225208505
-0.0036055289337497327,0.005187213369881429
-0.0017394518823585922,0.0019102803222371143
-0.00398056957513101,-0.001918040393190004
0.0003634447131204217,-0.003207547910868565
-0.005150071707755449,-0.0007886730315799886
-0.001436816404871101,0.005723627239265798
-0.004503414228620105,-0.0022279791192862247
-0.0037674808965565214,0.005203652527359706
-0.003064817121428335,-0.0004725987830655401
-0.0026465938892693956,0.005010730934400761
0.0030889673420459165,-0.00388713841577868
0.002444231962147487,-0.003860423448983995
-0.0031443972756155887,-0.0007711642056120712
-0.002594705171384009,-0.003283796521189278
0.0002237769353393417,0.003769825566239098
-0.0012995916477649137,0.002091088911467012
0.00456627986594253,0.0031615827311786714
-0.0016596229143602448,0.0019392751175537695
-0.0007146977004645367,-0.0033939918735407335
0.001212221683957047,-0.002801984113835257
-0.003104749144791383,0.00512846559906932
-0.004674336388077473,-0.001297308195869997
-0.0025845486626306525,-0.005127523082767525
-0.0027238938043426,0.004496370057576206
-0.005314955938130193,-0.002286706919703021
0.002815853772679485,0.0028579642249655854
0.0007977299541731465,-0.004138165009907892
-0.00274232223485295,-0.004092684401184337
0.004958228621364661,0.003138633005192361
0.0005376016136538005,0.0034857401242837983
-0.0036592428722509794,0.005188108703605205
-0.0038429925908913874,0.005485681614595729
-0.0009423195752919219,-0.0032058226933304288
-0.00259142353062102,0.00486737138258846
0.005616234175932623,-0.0028047464697520032
-0.004643909891310088,-0.0020188166092687285
-0.0014213649535227814,0.0022488202732688545
-0.0028555820790208864,-0.004013352451475944
0.0005700208078497407,0.005572269255901751
0.0012543291868037875,-0.0032847274195916473
-0.002366006521387206,0.004646420951240099
-0.0042753618550447434,-0.0017998328215578202
-0.002102714326241514,-0.002673150862324045
-0.002662602992090594,-0.0040582731521040085
-0.0026303797827705857,0.005321712802498516
0.000742772115606431,0.002258564061510119
-0.003929964140093693,-0.00045673278084259756
-0.0024918678508396457,0.004723675991426718
-0.0035094584908689614,0.0050114568512463625
-0.0035894463619458,0.005227640075486344
-0.00278612319929555,-0.0048766471927061275
-8.034802184114262e-05,-0.0009335454534209728
-0.0037417510897674827,0.005168261116096708
-0.004547275871816378,-7.112900270719474e-05
-0.0026482439343146315,-0.0049527188525624165
-0.005427137236691315,-0.0014488080225189008
0.0022236295637445566,0.004798704814489923
-0.005276816148375057,5.257165439471873e-05
-0.0033214069638630573,0.005351512344270268
-0.0013500267237241059,0.00491217413130092
-0.002835433301120636,-0.003118757373194089
0.008674097921005564,-0.003898289404111105
0.006290294212063619,-0.0035300151310411173
0.004636550851189665,-0.00414189218446221
0.009177750613742841,-0.0027478974187080236
0.001550682380368526,0.003095472614099636
-0.0024619074464242,-0.004330600101143122
-0.0015523256189185217,0.004703916496628081
-0.0021457730348947352,-0.002001449405785368
-0.002423065168188279,0.004934355029277937
0.00045350441245255716,-0.002906972725545823
0.007900427394575384,-0.005508242674511106
-0.002705796791528151,0.005000641972962199
0.005020124603107005,-0.003006086501710502
0.001385723703509298,-0.004103772388719727
0.00121062466954009,-0.0025926873876633188
0.008833883563575102,0.0016146916085459798
0.0055321374120928446,-0.005028370371680951
0.002815853772679415,0.002857964224965532
-0.004549584148935877,-0.0011392576107997592
0.0015073757143532996,0.003414251465775134
0.001447194821221907,-0.003987488037562474
0.0012435989804197765,-0.0024409081866852704
-0.0036813864548552863,-0.001984584280704288
-0.0004957152754361279,0.0028993426026324713
-0.0033439522957089155,-0.00016395942192849706
0.009227552335992345,0.0030541411289642093
-0.0017394518823586193,0.0019102803222370937
0.0018120646208946807,0.0005077100590145181
0.00926842853494221,-0.002066591524177671
0.0037665325881490143,0.0013291967962750018
0.009062517132587338,-0.0033627837892960333
-0.002210023269335905,0.005140351016565469
-0.0032365651668104767,-0.0006560509994452175
-0.0023447833911161412,-0.004039014647723735
0.0025763131785932138,-0.002879279412581087
0.000112804504723821,-0.0033658994522417856
0.004291302879110292,0.0040956059516255045
0.009493830550005841,-0.0021153867919359156
-0.0028757699229331308,0.005186831907287816
-0.002379813125575056,-0.0014231650913782295
-0.005823065985337305,0.0003111813756555648
0.004279597019045564,-0.0025468018944867226
-0.004474129106617384,-0.0007653193350797104
-0.0028697912581161947,-0.005573258417579587
0.00226902809233258,0.002992257552237641
0.0013254009946509849,-0.004652375082821612
0.009650910652109565,0.002406853635953386
-0.0011649914372008898,-0.0026121732106008234
-0.0026135410099893453,0.0050485999353851955
0.0016972732469684186,0.003485945621555293
-0.004507817934288619,-0.0011994458303431804
-0.0029119113697535803,-0.004608211284004243
-0.003950712337138152,0.005673812399995598
0.0007707087907606565,-0.0028811442878231485
-0.0008323072041871785,-0.003356477466953966
0.0023135046473413846,0.003275513919185943
0.00040256064453829675,0.0025572871057600688
0.005248693083139554,0.0033434946505745463
-0.005698843218288038,-0.00031466984987022373
-0.004095815097469308,0.005450348887472367
-0.0042172191545588435,-0.00025754206963392946
-0.002257485944607621,0.004625001625491143
0.002416099865487761,-0.0038282912256498627
-0.0004250259098322306,-0.004920626309254563
-0.005441186138627417,-0.0001932682303879645
-0.002706696801355606,-0.003919235518017296
0.00377770674040464,0.0016014923421175645
0.002697768291265354,-0.0050326575552565676
0.00718354688167926,0.0033048485881942307
-0.0057572091519877125,-0.0007418955825536176
-0.0028844312616716464,-0.004774155067700012
-0.0019316319440266336,0.0020833719840536082
0.008729625477528051,-0.003797089206847044
-0.0014213649535228085,0.002248820273268874
-0.0008576885271729886,-0.00464759541306973
-0.0026033945297451247,-0.0038455045661813687
-0.0011657644517211192,0.0026415693857203357
-0.0050827240819459425,-0.0018076064378841142
-0.0016926443510169298,0.002268624058450158
-0.0014994326025919993,0.0021402627713022204
-0.002688138868321456,-0.0010133714143416837
0.00014765683765774855,0.003455462908972148
-0.0031722068180479613,-0.003094169022894016
0.002439213930573953,-0.003774930787520473
-0.005971985983171938,-0.0004599449060812913
-0.002851699200131132,-0.004862671952583265
0.008273113872815485,-0.0031031614166586864
-0.0027637868672612744,0.004883063550127239
0.00017512729593546726,-0.003226744674957312
0.0003913595715040308,0.0022722091491903674
-0.0023420135306779256,0.004967858271284884
0.0011184106658003539,-0.003967232826101732
0.004174169348163655,-0.005443961350721136
0.009650910652109565,0.0024068536359533907
0.001404593321894968,0.003340916266452343
0.007344133557102346,0.003993459404044471
0.005556965529512589,-0.004948880307806789
-0.002032074512891085,0.004404296710167537
0.008942510945876928,-0.003924653872172523
-0.002574973929333514,-0.004412959955647124
-0.00440606600235976,-0.0004782668515652594
-0.0029369822424104948,-0.0040601528046206245
-0.002052689230700743,0.0047499797062200075
-0.0032965806091610843,-0.003613550429353095
-0.00531949365448653,-0.0005820394163224321
-0.002460095087260141,0.005340264431749669
0.0017828015307515095,-0.0031342347742288634
-0.00230039026376197,0.004854741185380813
-0.0012060091264754762,0.0056706567881266625
0.008820704539954921,-0.003331638852348827
-0.000816073418758219,0.005246688273345859
-0.0028025674981732585,-0.0027756330812100756
-0.0012768084448945758,0.0005056663271113685
-0.0007623925953770361,0.0038541681298555554
-0.002608710614317753,-0.004830843462731755
-0.001932529277526152,0.0021438354104553895
0.0026179337400912216,-0.0038730640690439718
0.0009964531764554616,0.0046585180803730445
-0.001440663602713954,0.002079557149124925
-0.0029062312791063908,-0.004822688623482472
-0.002576880330509151,0.00489856139736862
0.00259475313288126,0.004362961297844885
-0.002514291094449089,-0.003277693998973156
0.0015082637694119746,-0.003896160756206964
0.0055288165303334115,-0.0034294781984401754
-0.0001007240545182274,0.005067187505603719
-0.0010586390502617983,-0.0013172421376371026
-0.0015054810580871175,0.0021378142326076636
0.0015263389959973086,-0.0027277069665839907
-0.002730588560653503,-0.005296766474138309
-0.005307597252703435,-0.001865312799077444
-0.0013960910233383039,0.0023503542069572172
0.0003487342452027311,-0.0031135679337900637
-0.002235557489410549,-0.0034820742789107625
-0.001031772026013839,0.0028271553971160614
0.0016623189877801386,0.0031448454628608103
-0.006413353713964861,0.0016207379145413469
0.002240958465823174,0.0030252252657890664
0.003481207559746727,0.0016528770283286021
0.008722493395910247,-0.0033589745185946232
-0.002460095087260117,0.005340264431749672
-0.0033266614405019516,-0.0035209844022108944
-0.0037105033620697266,0.005253539985043551
-0.004948724119479357,-0.0010733628028557166
-0.0035755736225214284,0.00527773544538444
-0.005648675530521973,-0.0009881545151403616
-0.002236945352462239,0.005395076359118363
0.00866357317425422,0.0037402246078474736
0.0019555295003953347,-0.0031578455349694588
-0.0014637369390939233,0.003011449143448151
-0.0009022422432311582,0.005485979696268903
-0.002645916305366609,0.00449116855653147
-0.005856105402045912,0.0003088178380307729
-0.002709427825232624,-0.0026466314492804093
0.006810180320035632,0.0022180692551704664
-0.002145616921687547,-0.0033904623717234544
-0.0027124915724339514,0.004356590297128568
-0.002700952386462602,-0.0030359541301405502
-0.001925478023977471,0.004338096496183218
-0.002325266680181512,0.004967499645648407
-0.0030385744371018908,0.004834577326725499
-0.0027594938417924127,-0.0030216041023683007
-0.002864579141730198,0.004855651801572314
-0.0028402251016378037,-0.0035175404418992806
-0.003571114380987488,0.004981814338692884
-0.002548882409479192,-0.0028167838779148396
-0.0023089092906134158,-0.0014073911418546932
0.0013338692934564027,-0.0031078210814055565
-0.0031998260373325817,0.004808185476127236
8.654982836156115e-05,-0.0026304144194821927
-0.0032559868826838173,0.005075479062191277
-0.0016827206035739096,0.0024358869219772536
-0.005466408986252923,-0.0015751498851451896
-0.0026531959680362845,-0.003814604610961327
-0.002354634071068288,0.005324733737586612
0.0014730280150333289,0.00398359235078719
6.639063687431604e-05,0.0038641842235497717
0.0001737681464324168,-0.0030516453215046007
-0.004267804794241931,0.005571904149376696
-0.005755530260957788,0.0002649062830287794
-0.0026601321090857586,-0.002970616038989724
-0.0022162747278204574,-0.0003508948239898927
-0.0014165704061437664,0.0025772184978298113
-0.0026284396439210747,-0.004986955953147025
-0.0017459981551491773,0.0021053553586543945
0.008692621056707258,-0.004193364893393788
-0.0018731282563246834,0.004886607958352345
-0.0014695099479826036,-0.002405607248360101
0.001304846836129561,-0.0020282125758887804
-0.003045635970900064,-0.004769647997517672
-0.0058202303822129185,-0.0005203849355284847
0.0015781079231839213,0.0032729342607738885
-0.0036732490061956173,-0.000255206014328559
-0.0037788411159566234,-0.00040754858173727563
-0.00272617401033188,0.00482576514227988
-0.0011843496449207732,-0.002095146651373584
-0.0026948311109693643,0.0054265068994908275
0.007532437849414103,-0.004107043979875509
0.0017979401087960735,-0.004478617891414083
-0.0023958638782158063,0.005093152056470166
-0.004957489094602065,-0.0008931203332355272
-0.0025132149822963464,0.005132650054066694
-0.002373986411874283,0.004495251800345477
-0.0032984307381825396,-0.004595676818139787
-0.002702689711678521,-0.0049859938540007835
-0.0018610172435916653,0.0022999603734732174
-0.004178299193550192,-0.0017254535251356965
-0.0015641309749649405,-0.0029644468029562496
-0.002763847604959475,-0.0006838807348099824
0.000883054643933073,-0.0027366733947946868
-0.0019591981326508136,-0.003522426140163247
-0.004450374721810622,-0.0001343361065982384
0.0035765702529500514,-0.00423704820456153
-0.004677447175826414,-0.0013144118855609932
0.0017701819402202914,0.0028553435643581546
0.001032833552710923,-0.0016556276869667981
-0.0028301875968836966,-0.004693937760588203
-0.00269427999671906,-0.0036854722882721934
0.009013186797277787,0.0026516072358498243
-0.005550977164879108,-0.0017204464923175759
-0.0018797978309690472,-0.004415314962576488
-0.0015564049386921448,0.0023033993050131053
-0.0018699144039746429,-0.0042340856777137
-0.0038550841607440677,-0.0011169291484321353
-0.0025485884766309782,0.004440891385377254
-0.0004448892096260866,-0.003388227905790015
-0.003860421075911123,0.005062583356593659
-0.0031189178616826186,0.004846155533288462
-0.0015566855875544126,0.0021917743471827978
-0.003979645520965131,-0.0007024523931644726
-0.002710985187313254,-0.004413278190252255
-0.000300616977362681,0.003063858935968026
-0.005424424116309728,-0.000828136317931954
-0.00132114762651784,-0.0026536759836278388
-0.005129052848243576,-0.0017402138835316495
-0.002703920071216153,-0.004820308601741851
0.0020641990026078823,-0.0010701334098759331
0.0008549020194707044,-0.0024983221752705458
-0.00021695481638257552,-0.0024176902282662437
0.008825670715615864,0.003658016755155746
-0.0018575234048604787,-0.0031718397633307724
0.001410205803068155,0.005266624202154866
0.008773090763900307,0.0031254941814973644
-0.002514595205604085,-0.004884214457019464
0.0025727226895318513,0.0034706477985520967
-0.001864127615183308,0.004658666750312798
-0.002612815828052431,-0.0027812867188082772
0.007633452718119903,0.0032015890380665234
-0.005010656733258161,-0.0013395629971528482
-0.0049928060432553505,-0.0016439939250857908
0.0009040297638927238,0.00036726093432580797
-0.0026054865384775366,0.005008849076753466
-0.0052671751937952765,-0.00011084264813332984
-0.001986107597006111,0.0059395297393991
-0.0011490255112445536,-0.00404563157356476
-0.0009444647232719686,0.004902188435609389
-0.006477901334012937,-0.0001414416313629969
-0.0025497130935310387,-0.0011036366299222442
-0.002552057507094795,0.00453275227328877
-0.0030698999806351465,-0.005135324706718912
-0.0018902663833665154,0.0018302905385274117
-0.0038911760344942678,-0.0015153699615660337
-0.0027337799034647895,-0.002853930987673702
-0.0013260989766027043,0.004794723946238568
-0.00451535960490053,-0.0015994375759335283
-0.0011798451716510017,0.004355578897223517
-0.0011253868869519784,0.0044881304330009275
-0.0013324099519277817,0.002298340844939728
-0.0027884416270616587,0.004577200250776344
-0.002958681007991386,-0.004418064241399024
-0.003090503004155773,0.004601889832100083
-0.006149507267160497,-0.001562658634669143
-0.0010617594576471392,0.0054613907987054915
-0.0025472703603008342,-0.004187571008180773
0.0005455390102799842,0.003420633640174445
-0.0031432726597057825,-0.003183693412629237
-0.0024590772848905214,0.00515443046618342
-0.0016113226519872549,0.0022938155380014015
-0.0030107130906576077,-0.004928452387332772
-0.002048975742442047,0.005304598896792213
-0.006229319639775599,-0.0015913946554350006
-0.0018657430379282732,0.004899539946270415
-0.0025276360220164913,-0.0029089778713246553
-0.005396982203867696,-0.0009970374954707641
0.0005645195128771927,0.0033639384690538083
-0.002253238496160145,-0.005703173140053781
-0.0027355348512139994,-0.0003591358519967664
-0.0020955287984530157,0.005340860797264632
0.0016411922846054075,-0.004567061677226849
-0.005248629951734414,-0.0015559747127468619
-0.004319635362703588,-0.0016065964736650684
0.0024944620976676806,0.004640135532006191
-0.00048435801648789005,-0.0024486503706696765
-0.0067217348492103,-0.00029320433791639683
-0.0029574174006370088,0.004803406555193724
-0.0037659221710900524,-0.0007723118423505676
-0.0036836313189206214,0.004784635431106902
-0.003791528290526649,0.0003662793173935547
0.009650910652109606,0.0024068536359534033
-0.000701544001441969,0.004451245428311554
-0.002549792273264233,-0.004198252612232963
-0.003188680299733347,0.004783644931831514
-0.0017052892216680743,0.002232981303309134
-0.003425327092332324,-0.0008773245783265304
-0.004108257063185153,-0.0006345347840756177
-0.002948412156582406,0.0045977899306161646
-0.0005604789370379699,-0.001411508226540223
-0.0023729606826479793,-0.002790541377226426
-0.0022540738950749583,-0.001890590262228348
0.009005154210501706,0.002645840751434476
-0.0005599939765274078,0.005294500200139441
0.00015366761231268977,0.0023883637280732828
0.001716327195736343,-0.002083506237323245
-0.0038521234612266687,0.00497511109153559
0.0035117879714286755,0.001704057185422927
0.0024450159130444044,-0.0061620600876919245
0.0063264909180449904,-0.006014889816538417
0.00523472434198039,-0.004582742686431966
0.00439359988288634,0.0029669379815339936
-0.002830002098225857,-0.0037774181076296698
-0.0021152779945974765,0.005255594592877086
0.0007559660094537536,-0.0033488655455672653
0.004075304023118672,-0.0031716850520354454
-0.002870271069438744,0.0051401896623101875
-0.002513688904520069,-0.002728180227251973
-0.0017040219304686834,0.0023416907723410965
0.00020744635056093447,0.005956169189118984
0.005033805931968216,-0.0046637118244398845
-0.004886016128076444,-0.001722524109360199
-0.002973266817506845,0.004423419959166311
